# Time-averaged data for fix muavg
# TimeStep v_muex v_boltz v_wvol
55300 6.71215 1.28915e-05 15947.9
55400 1.57421 0.0713205 15944.8
55500 -4.83107 3306.44 15962.9
55600 19.7837 3.87159e-15 15990.7
55700 3.14903 0.00508141 16015.7
55800 6.32158 2.48216e-05 15995.3
55900 -0.640917 2.9302 16029.8
56000 1.29405 0.114105 16029.9
56100 -2.06056 31.7019 15980.4
56200 2.78017 0.00943391 15904.7
56300 9.27638 1.74705e-07 15905.9
56400 11.5067 4.14517e-09 15938.8
56500 5.48739 0.000100583 15955.5
56600 0.0320999 0.94758 15967.1
56700 7.27687 4.99938e-06 16017.3
56800 29.426 3.66147e-22 16086.9
56900 2.98952 0.00664025 16089.6
57000 -0.995987 5.3157 16036.8
57100 7.6543 2.65438e-06 15958.5
57200 -1.42997 11.0081 15866
57300 -0.851263 4.16996 15902.1
57400 14.9093 1.37655e-11 16015.7
57500 15.1982 8.47855e-12 16115.3
57600 0.179631 0.739847 16108.4
57700 2.38881 0.0181881 16093.9
57800 6.93703 8.84067e-06 16015.1
57900 3.09395 0.00557327 15934.5
58000 4.13764 0.000967827 15991.8
58100 4.8943 0.000272007 16064.7
58200 8.21637 1.03397e-06 16046.7
58300 15.6679 3.85662e-12 15957.6
58400 0.0390308 0.936627 15920.7
58500 3.7692 0.00179557 15967.2
58600 1.56359 0.0726025 15993.1
58700 1.12994 0.150265 16011.3
58800 10.7687 1.4294e-08 16072.6
58900 6.59245 1.57581e-05 16071
59000 13.5589 1.32613e-10 16065.2
59100 5.50139 9.82483e-05 16036
59200 -1.1036 6.36733 16004
59300 7.18979 5.78565e-06 16032.9
59400 -1.05386 5.85759 16004.1
59500 3.03719 0.00612998 15942.7
59600 8.94432 3.04932e-07 15911.5
59700 25.7738 1.67574e-19 15932.6
59800 0.282421 0.622674 16046.4
59900 12.4277 8.84349e-10 16082.8
60000 16.6287 7.69613e-13 15974.1
60100 0.805975 0.258738 15908.2
60200 12.1564 1.39393e-09 15949.8
60300 2.42639 0.0170771 15984.5
60400 12.8105 4.65294e-10 16046.4
60500 5.4819 0.000101513 16057.1
60600 3.49363 0.00285066 15955.8
60700 5.74674 6.51012e-05 15896.3
60800 0.190718 0.726215 15933.5
60900 5.80217 5.93211e-05 16047.1
61000 4.31762 0.00071562 16101.8
61100 -1.35276 9.67091 16152.5
61200 3.14976 0.00507514 16082.2
61300 -1.89636 24.0695 15986.3
61400 9.74014 8.02532e-08 15919.2
61500 7.02982 7.56638e-06 15894.7
61600 8.99179 2.81596e-07 16006.2
61700 3.96094 0.00130173 16089.4
61800 0.0560378 0.910285 16073
61900 9.50574 1.18911e-07 16008
62000 10.794 1.36997e-08 15916
62100 18.3083 4.59967e-14 15988.7
62200 0.226502 0.683906 16086.6
62300 1.50323 0.0803384 16134.5
62400 7.97463 1.551e-06 16067.1
62500 14.4925 2.7699e-11 15941.9
62600 4.44229 0.000580581 15926
62700 -1.68295 16.8269 16004.5
62800 5.98965 4.33149e-05 16089.6
62900 8.33326 8.49873e-07 16129
63000 -3.78434 571.257 16068.2
63100 9.55614 1.0927e-07 15980.4
63200 8.01004 1.46155e-06 15982
63300 16.4782 9.90553e-13 15993.6
63400 1.42303 0.0919059 15995.9
63500 4.13374 0.000974169 16025.6
63600 11.1566 7.45721e-09 16075.6
63700 7.05345 7.27237e-06 16071.9
63800 10.7025 1.59729e-08 16022.3
63900 7.32337 4.62423e-06 15934
64000 3.89611 0.00145127 15933
64100 -0.957875 4.98651 15982.5
64200 5.13256 0.000182395 16060.2
64300 5.84151 5.55332e-05 16111.7
64400 -0.421066 2.02647 16063.8
64500 0.224915 0.68573 16020.3
64600 2.27724 0.0219315 15983
64700 -4.17249 1095.45 15992.2
64800 10.1061 4.3436e-08 16008.9
64900 14.7208 1.88867e-11 15986.8
65000 3.07624 0.00574126 15923.2
65100 1.38981 0.0971725 15903.3
65200 -2.69708 92.2104 15948.7
65300 4.98495 0.000233638 16014.7
65400 -1.23276 7.90756 16046.3
65500 18.9851 1.47799e-14 16028.6
65600 17.3926 2.13692e-13 15975.7
65700 -0.66465 3.04921 15935.7
65800 20.6521 9.02161e-16 15920.7
65900 2.0411 0.0325906 16004.6
66000 16.916 4.75292e-13 16015.2
66100 -0.186092 1.36636 15991
66200 -5.79729 16720 15966.1
66300 0.649498 0.336396 15962.9
66400 5.32518 0.000132036 15975.7
66500 0.362001 0.544864 16000.7
66600 4.27813 0.000764632 16013.9
66700 -0.626014 2.85786 16015.8
66800 -1.3102 9.00445 15993
66900 16.6052 8.00594e-13 15981.8
67000 0.626426 0.34967 15957.7
67100 7.45482 3.7092e-06 15967.1
67200 0.175217 0.745344 16071.1
67300 2.27851 0.0218846 16172.3
67400 -4.39499 1591.04 16219.7
67500 8.79148 3.94049e-07 16122.3
67600 0.0540594 0.913311 15949.2
67700 0.989942 0.190039 15863.4
67800 -0.943444 4.86726 15853.2
67900 2.3259 0.0202123 15912
68000 8.64915 5.00299e-07 15978.8
68100 -1.88303 23.5373 16012.8
68200 -2.5245 69.0332 16014.3
68300 14.1102 5.2599e-11 16066.5
68400 0.347553 0.55823 16074.9
68500 5.72441 6.75859e-05 16053.1
68600 -1.74995 18.8283 16017.2
68700 7.97595 1.54757e-06 15973.7
68800 8.25144 9.7489e-07 15910
68900 17.2401 2.75963e-13 15902.9
69000 -1.55265 13.5233 15903.2
69100 4.28536 0.000755412 15930.4
69200 -0.167861 1.32521 16001.7
69300 0.239507 0.669149 16072.7
69400 -1.66612 16.3585 16119.4
69500 5.11812 0.000186865 16026.4
69600 -0.253711 1.53047 15923.9
69700 3.42249 0.00321198 15983.1
69800 6.50929 1.8117e-05 16083.9
69900 6.49694 1.84963e-05 16085.7
70000 24.268 2.09471e-18 16019.9
70100 2.79623 0.00918307 15982.8
70200 1.1076 0.156002 15995.5
70300 -3.16638 202.608 16049.2
70400 2.93281 0.00730292 16087.2
70500 8.07024 1.32117e-06 16030.3
70600 -0.492637 2.28496 15963.5
70700 1.49753 0.0811096 15960.7
70800 -1.26218 8.30761 15985.2
70900 16.21 1.55332e-12 16019
71000 3.88315 0.00148317 16012.7
71100 9.78248 7.47517e-08 15991.7
71200 7.33228 4.55564e-06 16008.8
71300 3.78027 0.00176251 16048.8
71400 -0.457675 2.15481 16066.6
71500 16.3196 1.29255e-12 16116.9
71600 7.225 5.45383e-06 16085.7
71700 13.0556 3.08462e-10 15964.1
71800 5.39316 0.000117806 15833.9
71900 1.97988 0.0361152 15836.8
72000 9.65008 9.33403e-08 15965.2
72100 4.30644 0.000729165 16146.2
72200 -2.98127 148.528 16187.2
72300 6.81003 1.09396e-05 16086.4
72400 2.58167 0.0131611 15996.2
72500 -0.28761 1.62002 15958.6
72600 6.74431 1.22147e-05 15964.6
72700 7.56325 3.09241e-06 16005.4
72800 11.3835 5.09649e-09 16068.2
72900 1.43695 0.0897851 16152.3
73000 9.55433 1.09603e-07 16140.7
73100 1.32155 0.108961 16113.8
73200 14.9606 1.26307e-11 16067.6
73300 3.81088 0.00167431 16034
73400 18.0168 7.49961e-14 16044.6
73500 5.25289 0.000149057 16089.6
73600 0.80729 0.258168 16160.2
73700 9.65435 9.26747e-08 16161.5
73800 -1.72947 18.1925 16077.7
73900 -7.25624 193221 15960.2
74000 -2.34474 51.0629 15923.9
74100 11.4075 4.89597e-09 15946.5
74200 2.78238 0.00939896 16073.5
74300 -0.712508 3.30408 16171.3
74400 4.46101 0.000562635 16199.3
74500 1.61146 0.0670008 16162.5
74600 0.84699 0.241536 16090.7
74700 14.524 2.62742e-11 16003.6
74800 0.565192 0.387495 15937.2
74900 8.50721 6.34795e-07 15964.1
75000 -0.904074 4.55621 16048.6
75100 -5.2616 6807.52 16138.8
75200 7.85571 1.89339e-06 16148.7
75300 2.14706 0.0272836 16135.5
75400 16.2305 1.50077e-12 16100.2
75500 6.04817 3.92649e-05 16032.7
75600 5.58049 8.60406e-05 16002.9
75700 8.49294 6.50173e-07 15992.6
75800 1.77729 0.0507312 16027.4
75900 0.350807 0.555191 16074.5
76000 0.523019 0.4159 16120.3
76100 2.01862 0.033843 16206.7
76200 17.4972 1.79305e-13 16145.2
76300 7.0656 7.1256e-06 15952.9
76400 4.6789 0.000390388 15811.9
76500 10.6419 1.76819e-08 15888.3
76600 2.49834 0.0151357 16033.3
76700 5.32853 0.000131296 16077.3
76800 17.7604 1.15308e-13 16094.5
76900 -1.13573 6.71984 16051.7
77000 6.1995 3.04623e-05 15999
77100 2.69508 0.0108813 15971.5
77200 3.48942 0.00287089 15986.6
77300 8.23013 1.01038e-06 15983.9
77400 6.86646 9.95168e-06 16037.2
77500 10.2326 3.51333e-08 16010.6
77600 15.5178 4.96034e-12 15973.2
77700 4.18008 0.000901318 15904.7
77800 8.34573 8.32274e-07 15817.5
77900 3.83951 0.0015958 15803.6
78000 0.570083 0.38433 15892.8
78100 9.70801 8.4698e-08 15994.7
78200 3.23775 0.00437874 16058.4
78300 1.19312 0.135154 16012.7
78400 4.97569 0.000237296 15943.6
78500 7.17955 5.88593e-06 15868.4
78600 3.06558 0.00584482 15834.2
78700 -0.419081 2.01973 15830.2
78800 14.2325 4.28401e-11 15886.8
78900 10.3345 2.96131e-08 15979
79000 6.01128 4.17713e-05 16072
79100 0.0431873 0.93012 16063.4
79200 16.3041 1.32653e-12 15954.9
79300 -5.27232 6931.03 15860.2
79400 3.62009 0.00230581 15894.7
79500 8.13845 1.17833e-06 15945.7
79600 -1.28941 8.69587 16026.9
79700 10.3475 2.89743e-08 16072.7
79800 4.5646 0.000472889 15976.1
79900 22.4397 4.49805e-17 15884.5
80000 -0.187561 1.36973 15863.6
80100 3.90483 0.00143018 15917.3
80200 10.5741 1.98112e-08 15984.8
80300 3.97028 0.00128149 15983.7
80400 -0.0801664 1.14393 15972.1
80500 0.471752 0.453249 15951.8
80600 2.98239 0.00672013 15921.2
80700 1.60558 0.0676642 15944.6
80800 2.29421 0.0213158 15966.5
80900 4.45853 0.000564977 16049.9
81000 1.32495 0.108342 16053
81100 1.26558 0.119687 15974.5
81200 8.18654 1.08702e-06 15940.9
81300 28.6999 1.23759e-21 15897
81400 19.2594 9.32855e-15 15904.9
81500 11.9191 2.07559e-09 15919.5
81600 0.0690118 0.890689 15919.9
81700 3.1902 0.00474229 15958.9
81800 -0.944885 4.87903 15960.6
81900 1.0174 0.181485 16020.5
82000 12.7613 5.05386e-10 16081
82100 11.561 3.78445e-09 16080.1
82200 0.426797 0.488748 16032.2
82300 8.70849 4.52905e-07 16027.4
82400 5.70034 7.03707e-05 16066.6
82500 5.02548 0.000218283 16086.8
82600 7.33373 4.5446e-06 16054.9
82700 4.40907 0.000613852 15968.3
82800 1.77678 0.0507739 15886.4
82900 -2.6051 79.026 15904
83000 -0.980906 5.18291 15962.2
83100 3.20407 0.00463329 16021.1
83200 4.93119 0.000255684 16022.8
83300 -0.12386 1.23092 16033.6
83400 0.649838 0.336204 16032.8
83500 -2.96995 145.734 16055.4
83600 0.680247 0.319485 16087.7
83700 2.08436 0.0303092 16072.5
83800 10.4866 2.29454e-08 16007.9
83900 2.78124 0.00941697 15906
84000 -1.76803 19.408 15832.4
84100 23.8361 4.32263e-18 15863.7
84200 0.723164 0.297294 15952.3
84300 0.342654 0.562836 16021.2
84400 6.39699 2.18723e-05 16010.8
84500 10.4056 2.62849e-08 16005.5
84600 17.2088 2.90824e-13 15965.5
84700 16.7854 5.91745e-13 15912.4
84800 12.8314 4.49304e-10 15918.1
84900 6.87586 9.79598e-06 15915.1
85000 2.14807 0.0272373 15927.4
85100 14.2183 4.38699e-11 15918.1
85200 10.6607 1.71332e-08 15907.5
85300 22.5834 3.53467e-17 15934.8
85400 5.94736 4.64989e-05 15998
85500 20.2682 1.71754e-15 16078.5
85600 -0.690926 3.18661 16063
85700 0.465932 0.457695 15997.5
85800 0.838164 0.245138 15920.7
85900 21.4696 2.28956e-16 15879.8
86000 15.5201 4.94145e-12 15853.2
86100 5.08908 0.000196194 15893.2
86200 -1.05858 5.90414 16008.5
86300 0.815615 0.254588 16073.3
86400 6.55606 1.67499e-05 16073.4
86500 -0.972602 5.11122 15987.5
86600 -0.636935 2.9107 15919.4
86700 -0.0425285 1.07394 15907.2
86800 2.35851 0.0191366 15914.4
86900 2.98595 0.00668013 15885.9
87000 14.7339 1.84739e-11 15909.1
87100 -0.366755 1.85002 15934.5
87200 -1.69758 17.2449 16025.6
87300 -2.34669 51.23 16002
87400 7.33231 4.55542e-06 15885.3
87500 1.86853 0.043532 15881.8
87600 5.78724 6.08263e-05 15998.9
87700 2.89516 0.00777902 16087.1
87800 4.37195 0.000653286 16076.1
87900 2.27192 0.0221281 16005.2
88000 5.73808 6.60539e-05 15860
88100 5.60415 8.26931e-05 15706.6
88200 -3.02074 158.694 15808.8
88300 6.16569 3.224e-05 15979.5
88400 4.22276 0.000839042 16086.6
88500 5.38522 0.000119385 16070.8
88600 3.09947 0.00552185 15941.3
88700 -0.840895 4.09806 15866
88800 15.325 6.85415e-12 15852.3
88900 1.53944 0.0756039 15902.1
89000 1.98437 0.0358441 15974.7
89100 4.59691 0.000447948 15981.7
89200 6.55433 1.67988e-05 15971.6
89300 7.54712 3.1772e-06 15977.4
89400 4.78371 0.000327448 15994.3
89500 5.33878 0.000129058 15950.5
89600 18.6223 2.71599e-14 15909.2
89700 -6.10095 27825.5 15921.9
89800 3.5441 0.00261926 15881.4
89900 0.128827 0.805659 15862.5
90000 1.03394 0.176519 15925.1
90100 5.54035 9.20328e-05 16020.4
90200 2.27351 0.0220692 16071.1
90300 -0.494929 2.29376 16071
90400 9.63589 9.5589e-08 16067.2
90500 2.28248 0.0217396 15993.2
90600 7.52777 3.28202e-06 15919.7
90700 18.3921 3.99649e-14 15893.5
90800 -1.68211 16.8033 15896.5
90900 2.51918 0.0146156 15921.7
91000 0.638983 0.342382 15975
91100 0.994515 0.188587 16034.7
91200 4.66923 0.000396772 16071.1
91300 23.4517 8.23842e-18 16019.1
91400 5.9556 4.58608e-05 15928.1
91500 6.02277 4.09738e-05 15828.4
91600 10.4987 2.24818e-08 15877.3
91700 4.30687 0.000728637 16004.8
91800 2.98905 0.00664541 16120.5
91900 -0.073298 1.13083 16129.3
92000 12.2464 1.19863e-09 16003.2
92100 21.8406 1.22883e-16 15926.6
92200 18.9456 1.5792e-14 15905.9
92300 2.25765 0.022664 15892.1
92400 0.0745482 0.882455 15898.6
92500 3.85575 0.00155292 15955.2
92600 12.2157 1.26198e-09 15995.3
92700 11.2075 6.84687e-09 16024.6
92800 2.86894 0.0081287 15963.3
92900 20.8337 6.65252e-16 15880.9
93000 1.66464 0.0612826 15906.7
93100 3.56353 0.00253528 15954.9
93200 5.05989 0.000206038 15994.8
93300 3.86225 0.00153607 15997.1
93400 2.06622 0.0312458 15953
93500 13.4893 1.49018e-10 15855.2
93600 -4.06241 910.754 15809.3
93700 4.11592 0.00100374 15849.5
93800 -0.981323 5.18654 15913.7
93900 0.0358898 0.941575 15940.5
94000 -4.87373 3551.69 15907.2
94100 13.0066 3.34906e-10 15891.6
94200 9.42422 1.36335e-07 15931.2
94300 3.12997 0.00524644 15971.8
94400 0.141406 0.788839 15950.9
94500 1.90576 0.0408966 15900.1
94600 -3.0517 167.152 15878
94700 -0.771633 3.64857 15878.8
94800 -0.289195 1.62433 15909.8
94900 0.808873 0.257483 15885.5
95000 -2.88168 125.677 15886.4
95100 2.28975 0.0214758 15891.2
95200 4.41145 0.000611409 15944.7
95300 7.08555 6.89111e-06 16039.4
95400 11.6017 3.53476e-09 16127.6
95500 6.28611 2.63433e-05 16142.4
95600 3.10582 0.0054634 16014.3
95700 4.7236 0.000362187 15885.7
95800 6.92498 9.02121e-06 15841.2
95900 6.65464 1.41972e-05 15843.3
96000 21.3833 2.6463e-16 15889.5
96100 3.34659 0.00364809 15924.4
96200 -1.01636 5.50052 15974.5
96300 0.305623 0.598906 15989
96400 6.89598 9.47084e-06 15887.6
96500 2.16869 0.0263112 15803.6
96600 9.9676 5.47981e-08 15788.6
96700 2.01573 0.0340076 15874
96800 0.444174 0.474708 15971.6
96900 -1.96239 26.8887 16025
97000 -4.43226 1693.67 15966.7
97100 1.55341 0.0738529 15928.3
97200 0.75996 0.2795 15938.7
97300 1.64863 0.0629502 15972.8
97400 8.98379 2.85399e-07 15920.1
97500 2.17487 0.0260401 15855.9
97600 6.26734 2.7186e-05 15811.6
97700 2.37091 0.0187426 15810.3
97800 7.27197 5.04064e-06 15886.8
97900 2.87513 0.00804479 15981.2
98000 7.41409 3.97148e-06 16009.6
98100 9.01804 2.69464e-07 15984.7
98200 5.89151 5.10654e-05 15953
98300 -5.44297 9228.11 15902.1
98400 -3.0395 163.767 15875.1
98500 6.93914 8.8095e-06 15922.3
98600 -1.78417 19.9407 15978
98700 2.29777 0.021189 16033.6
98800 7.19233 5.76107e-06 16027.7
98900 11.0887 8.35711e-09 15977.9
99000 -0.0438978 1.07641 15977.2
99100 17.1909 2.99693e-13 15929.2
99200 3.86278 0.00153472 15831
99300 1.54823 0.0744972 15809.8
99400 16.7462 6.31968e-13 15884.4
99500 0.415765 0.497877 15989.5
99600 3.32489 0.00378333 16063
99700 1.63188 0.064744 16117.4
99800 16.4266 1.08012e-12 16078.9
99900 -1.35065 9.63666 16017.2
100000 14.4982 2.74364e-11 15888.7
100100 7.4186 3.94154e-06 15829.7
100200 5.2075 0.00016085 15863
100300 12.9562 3.64404e-10 15919.4
100400 3.41572 0.00324863 15974.2
100500 14.8989 1.40092e-11 15947.2
100600 7.79503 2.09625e-06 15889
100700 2.71675 0.0104929 15838.4
100800 14.4576 2.93694e-11 15803.8
100900 11.0076 9.57559e-09 15852.9
101000 16.9882 4.21106e-13 15879.7
101100 7.09521 6.78036e-06 15865.2
101200 30.0003 1.39711e-22 15873.6
101300 3.46064 0.00301284 15903.2
101400 0.134415 0.798143 15898.9
101500 2.66351 0.0114729 15856.9
101600 5.27884 0.000142708 15800.6
101700 18.5892 2.8712e-14 15817.2
101800 13.1346 2.7016e-10 15856
101900 9.46118 1.28139e-07 15910.7
102000 0.539333 0.404673 15952.4
102100 2.12051 0.0285262 15929.6
102200 5.06968 0.000202684 15864.9
102300 -2.40829 56.8065 15852.3
102400 23.7602 4.91014e-18 15840.9
102500 20.0731 2.38284e-15 15836.7
102600 3.52992 0.0026823 15864.8
102700 3.138 0.00517629 15969.2
102800 26.5727 4.38751e-20 16007
102900 3.62891 0.00227195 15941
103000 7.52755 3.2832e-06 15854.2
103100 -1.36141 9.81221 15840
103200 -3.19741 213.434 15839.1
103300 0.630879 0.347068 15882.3
103400 5.11429 0.000188072 15932.4
103500 1.59505 0.0688703 15968
103600 14.0441 5.87617e-11 15874
103700 4.41434 0.000608447 15799.7
103800 2.02443 0.0335148 15802.2
103900 3.96904 0.00128416 15900.6
104000 24.5467 1.31266e-18 15992.8
104100 -3.54383 381.612 15985.6
104200 -0.458276 2.15698 15887.8
104300 14.5053 2.71115e-11 15758.9
104400 9.92081 5.9272e-08 15772.1
104500 18.7788 2.08908e-14 15853
104600 9.08729 2.39914e-07 15882.4
104700 4.47641 0.000548285 15909.7
104800 -7.48677 284439 15875.7
104900 14.7494 1.80004e-11 15859.1
105000 1.37665 0.0993417 15876.4
105100 -0.538324 2.46695 15910.4
105200 3.81913 0.00165128 15916.8
