# Time-averaged data for fix muavg
# TimeStep v_muex v_boltz v_wvol
55400 -1.28275 8.5993 16037.3
55500 -7.51325 297362 16127.7
55600 -2.50026 66.2821 16165.4
55700 -3.57967 405.259 16193.9
55800 -1.78246 19.8836 16181.7
55900 -1.93874 25.8427 16190.5
56000 -1.02522 5.58287 16095.7
56100 -7.75341 444875 16038.8
56200 -5.61917 12401.5 16089.2
56300 -3.91324 709.135 16173.7
56400 -0.950974 4.92912 16148.8
56500 -2.27768 45.6303 16033
56600 -2.48392 64.4907 15930.6
56700 -1.14047 6.77353 15916.6
56800 -2.44116 60.0271 15942
56900 -1.28346 8.60953 15954.6
57000 -6.52035 56230.7 16034.4
57100 -3.74691 536.492 16085.2
57200 -2.68666 90.6131 16094.2
57300 -4.41613 1648.47 16185.4
57400 -2.26421 44.6109 16218.8
57500 -2.76738 103.75 16240
57600 -3.77358 561.039 16239.4
57700 -4.25452 1257.05 16176
57800 -5.19541 6092.19 16182.6
57900 -2.84888 118.95 16189.6
58000 -2.52305 68.8652 16137.2
58100 0.086473 0.864979 16013.5
58200 -1.79968 20.4662 15966.6
58300 -4.39379 1587.83 15958.4
58400 -0.459421 2.16113 15979.5
58500 -5.95309 21713.7 16065.5
58600 -3.82797 614.633 16046.6
58700 -7.58019 332697 16020.9
58800 -2.78536 106.928 16061.7
58900 -4.64895 2436.05 16125.6
59000 -2.71825 95.5428 16191.9
59100 -4.03652 872.053 16200.5
59200 -2.81118 111.66 16125.4
59300 -4.49768 1890.1 16015.3
59400 -2.62958 82.3394 15989
59500 -2.51209 67.6112 15894.4
59600 -6.67939 73422.8 15803
59700 -6.0554 25778.7 15865.6
59800 -4.81049 3194.22 16022.4
59900 -6.13702 29561.1 16187.8
60000 -4.85789 3458.57 16291.3
60100 -3.71627 509.619 16285.3
60200 -2.02624 29.9286 16236
60300 -4.67931 2563.31 16164
60400 -7.37722 236694 16089
60500 -4.01149 836.192 16081.1
60600 -8.02098 696881 16048
60700 -2.67108 88.2755 16056.7
60800 -5.15515 5694.38 16056.3
60900 -5.17197 5857.26 15982.4
61000 -0.166533 1.32226 16008.5
61100 -0.46789 2.19205 16109.4
61200 -4.39291 1585.5 16112.5
61300 -3.05471 168 16063.2
61400 -1.41802 10.7895 15989.7
61500 -7.1031 149451 16025.8
61600 -3.95038 754.725 16091.4
61700 -3.3795 289.675 16134.9
61800 -2.30414 47.7013 16091.9
61900 -3.70777 502.403 16062.7
62000 -4.93794 3955.58 16071
62100 -1.86514 22.8415 16117.4
62200 -3.63476 444.494 16163.6
62300 -4.21924 1184.81 16246.6
62400 -3.77705 564.311 16310.9
62500 -4.51583 1948.53 16315.3
62600 -5.66062 13294.6 16255.8
62700 -5.32675 7593.68 16228.6
62800 -5.98281 22823.3 16213.7
62900 -3.59552 416.179 16212.1
63000 -6.21433 33654.3 16211.5
63100 -0.881918 4.38998 16154
63200 -1.82926 21.5072 16090.5
63300 -3.3658 283.094 16055.1
63400 -7.79685 478501 16057.5
63500 -2.21699 41.2137 16141.2
63600 -5.1335 5491.29 16252.6
63700 -5.94575 21447.7 16280.1
63800 -0.455292 2.14621 16243.8
63900 -6.82127 93150.2 16163.8
64000 -5.5875 11759.8 16121
64100 -5.47711 9772.06 16148.2
64200 -3.68196 481.113 16156.5
64300 -2.40279 56.2853 16141.1
64400 -7.56706 325448 16163.6
64500 -3.27957 244.97 16157.3
64600 -2.03126 30.1817 16203.2
64700 -2.29317 46.8316 16246.8
64800 -3.96188 769.423 16196.2
64900 -2.96949 145.621 16154.7
65000 -1.93199 25.552 16108.8
65100 -4.0487 890.045 16078.8
65200 -3.83953 626.661 16119.4
65300 -5.90146 19912.2 16125.7
65400 -3.35269 276.937 16075
65500 -4.31041 1380.58 16067.7
65600 -2.19035 39.4124 16130.7
65700 -4.39448 1589.67 16184.2
65800 -0.471969 2.2071 16172.5
65900 -4.24567 1238.51 16204.3
66000 -4.29961 1355.81 16231.5
66100 -4.73331 2806.32 16227.9
66200 -1.62964 15.3875 16159.3
66300 -3.2876 248.292 16051.2
66400 -2.71843 95.5731 15942.9
66500 -4.37608 1541.37 15932.4
66600 -6.01753 24192.2 16051
66700 -6.52758 56916.4 16158.6
66800 -7.14501 160333 16235.5
66900 -2.70686 93.7354 16308.4
67000 -13.013 3.01826e+09 16417.3
67100 -4.89331 3670.29 16494.3
67200 -3.60335 421.677 16389.7
67300 -5.5059 10255.6 16190.8
67400 -3.66846 470.342 16102.5
67500 -4.62144 2326.19 16124.9
67600 -8.91586 3.12652e+06 16165.2
67700 -4.09894 968.308 16250.6
67800 -3.53878 378.392 16258.7
67900 -0.38124 1.89552 16202.2
68000 -3.62037 433.894 16210.2
68100 -3.5106 360.922 16219.4
68200 -2.69298 91.5777 16217.6
68300 1.51517 0.0787447 16189.7
68400 -5.33135 7652.44 16184.8
68500 -3.01759 157.859 16133.4
68600 -2.44086 59.9966 16149.7
68700 -2.08881 33.2403 16178.3
68800 -6.68986 74723.7 16114.4
68900 -4.56388 2112.11 16067.7
69000 -2.99434 151.821 16084.9
69100 -3.13277 191.502 16173.2
69200 -2.93466 137.358 16283.6
69300 -1.29713 8.80925 16337.3
69400 -4.539 2025.77 16277.8
69500 -2.78331 106.561 16159.7
69600 -2.7904 107.836 16140
69700 -2.64653 84.7133 16193.2
69800 -4.82591 3277.9 16169.8
69900 -3.61548 430.347 16173.7
70000 -2.65222 85.5261 16181.3
70100 -3.58637 409.842 16166.1
70200 -3.75911 547.584 16126.8
70300 -3.36807 284.177 16184.1
70400 -4.42387 1670.01 16270.3
70500 -0.869864 4.30212 16279.5
70600 -5.97609 22567.6 16276.1
70700 -2.56044 73.3231 16248.6
70800 -4.01933 847.265 16223.5
70900 -3.05769 168.84 16199.6
71000 -2.18077 38.784 16169.9
71100 -3.86925 658.695 16152.8
71200 -2.66188 86.923 16182
71300 -7.44503 265205 16251.5
71400 -1.65428 16.0368 16274.9
71500 -3.4243 312.284 16227.9
71600 -2.49943 66.1906 16195.9
71700 -3.6877 485.769 16206.8
71800 -4.68062 2568.96 16186.9
71900 -0.0613606 1.10841 16107.7
72000 -5.61132 12239.4 16038.3
72100 -0.111306 1.20527 16029.2
72200 -3.83975 626.896 16035.2
72300 -3.6202 433.772 16018.1
72400 -3.42201 311.084 16036.2
72500 -1.89302 23.9351 16079.6
72600 -8.10671 804655 16125.2
72700 -6.48241 52763.4 16140.5
72800 -4.32395 1412.32 16116.4
72900 -3.66915 470.889 16138.4
73000 -1.80674 20.7101 16100.3
73100 -8.85894 2.84184e+06 16061.6
73200 -2.29157 46.706 16074.9
73300 -9.39696 7.00701e+06 16076.4
73400 -3.00953 155.738 16084.6
73500 -5.95164 21660.8 16131.6
73600 -3.32452 264.157 16147.4
73700 -6.94063 113799 16124.8
73800 -5.83201 17722.6 16095.4
73900 -3.55191 386.822 16104.2
74000 -3.02518 159.881 16058
74100 -2.36134 52.5051 16052.7
74200 -3.64158 449.61 16038.3
74300 -2.43856 59.7655 16028.3
74400 -1.66681 16.3774 16039.7
74500 -3.0964 180.169 16037.6
74600 -2.88254 125.859 16091.2
74700 -8.30828 1.12837e+06 16177.2
74800 -4.70436 2673.32 16253.5
74900 -1.729 18.1781 16255.5
75000 -3.87411 664.093 16265
75100 -2.86377 121.958 16277.4
75200 -4.00028 820.622 16286.1
75300 -3.40778 303.75 16238.5
75400 -4.83623 3335.18 16045.8
75500 -3.31169 258.531 15889.8
75600 -2.70095 92.8106 15807.8
75700 -2.42189 58.1179 15883.2
75800 -4.24399 1235.04 16012
75900 -2.31049 48.2118 16015.3
76000 -3.59211 413.803 16011
76100 -2.70653 93.683 16068.1
76200 -1.53642 13.16 16107.8
76300 -2.97271 146.41 16164
76400 -3.89124 683.454 16189.9
76500 -8.24369 1.01251e+06 16144.8
76600 -7.33964 222233 16087.8
76700 -4.41369 1641.73 16090
76800 -2.65268 85.5926 16155.7
76900 -3.55321 387.663 16251
77000 -2.09536 33.6075 16297.6
77100 -1.23836 7.9822 16275.9
77200 -2.59429 77.6064 16186.2
77300 -2.66691 87.6593 16138.1
77400 -1.98747 28.0438 16136.4
77500 -3.30021 253.6 16142.6
77600 -4.09473 961.49 16152.3
77700 -3.2131 219.126 16195.3
77800 -1.94361 26.0549 16133.8
77900 -2.38412 54.5501 16110.2
78000 -4.03125 864.367 16190.9
78100 -4.68989 2609.2 16208.2
78200 -10.0814 2.20853e+07 16178
78300 -7.32755 217772 16149.5
78400 -5.30051 7266.7 16151.2
78500 -2.14335 36.4248 16228.3
78600 -6.49365 53767.6 16321.2
78700 -2.89265 128.012 16370.9
78800 -2.45239 61.1688 16272.5
78900 -4.38362 1560.97 16098.5
79000 -3.13885 193.466 16051.5
79100 -4.01777 845.049 16062.2
79200 -3.37515 287.571 16109
79300 -3.75231 541.374 16199.2
79400 -3.23884 228.792 16263
79500 -4.63924 2396.69 16256
79600 -5.11091 5287.11 16162.6
79700 -3.66154 464.914 16133.8
79800 -2.03854 30.5521 16125.3
79900 -3.80139 587.826 16187.8
80000 -1.97631 27.5241 16207
80100 -5.0381 4679.2 16235.7
80200 -1.89133 23.8673 16266.7
80300 0.0432733 0.929985 16278.2
80400 -9.10863 4.32009e+06 16270.6
80500 -6.10539 28033.5 16250.1
80600 -2.01732 29.484 16229.6
80700 -1.44307 11.2526 16253.1
80800 -5.07603 4986.61 16223.9
80900 -2.41225 57.1851 16147.4
81000 -2.20215 40.2006 16053
81100 -1.58767 14.3414 15983.6
81200 -3.9046 698.938 15990.5
81300 -3.85296 640.948 15991.1
81400 -3.0733 173.321 16012.1
81500 -2.73138 97.6718 16112.1
81600 -0.76369 3.60028 16186.7
81700 -3.49045 348.931 16228
81800 -3.80211 588.537 16282.4
81900 -5.86914 18861.4 16265.1
82000 -3.87696 667.268 16236.8
82100 -4.18252 1114.03 16154.5
82200 -3.28251 246.181 16075.5
82300 -3.40585 302.764 15973.4
82400 -4.41115 1634.75 15933.9
82500 0.0962211 0.850951 15959.2
82600 -2.63004 82.4022 16033.9
82700 -1.61648 15.0515 16143.3
82800 -1.73776 18.4473 16237.2
82900 -2.66724 87.7083 16282.1
83000 -4.43248 1694.3 16276.4
83100 -3.4617 332.499 16219.6
83200 -3.11741 186.63 16104.9
83300 -2.77493 105.074 16088.9
83400 -2.69429 91.7794 16078.2
83500 -4.58949 2204.8 16064.9
83600 -3.32156 262.847 16031.7
83700 -2.28777 46.4088 16018.2
83800 -3.11797 186.806 16094.3
83900 -9.11292 4.35127e+06 16147
84000 -2.42827 58.743 16134
84100 -2.04893 31.0894 16156
84200 -14.3335 2.76516e+10 16107
84300 -4.02538 855.909 16060.2
84400 -1.42404 10.8992 16093.4
84500 -7.99987 672632 16129.3
84600 -7.75346 444911 16177.6
84700 -7.67751 391690 16228.5
84800 -2.24123 42.9243 16243.7
84900 -1.95482 26.5495 16215.7
85000 -1.02476 5.57853 16174.7
85100 -4.7993 3134.83 16155.5
85200 -5.53385 10747.8 16121.7
85300 -2.12654 35.412 16095.4
85400 0.698823 0.309684 16095.9
85500 -1.82988 21.5298 16046.2
85600 -2.1297 35.6002 16054.4
85700 -3.16386 201.752 16093.4
85800 -2.08381 32.9627 16117.9
85900 -3.22424 223.26 16196.8
86000 -6.12148 28800.6 16290.3
86100 -5.87278 18976.9 16343.6
86200 -5.06132 4865.08 16289.4
86300 -2.46547 62.5257 16185.1
86400 -4.54663 2051.87 16088.2
86500 -6.60511 64821.2 16047
86600 -6.00394 23647 16055.8
86700 -5.89155 19584 16100.2
86800 -7.23312 185870 16125.8
86900 -3.4607 331.943 16100.4
87000 -2.6087 79.505 16079.8
87100 -4.07604 931.815 16101.4
87200 -4.07333 927.583 16099.7
87300 -1.30689 8.95463 16033.5
87400 -0.155431 1.29786 16004
87500 -4.00929 833.117 16063.5
87600 -6.40426 46280.5 16164.4
87700 -4.45801 1768.44 16208.9
87800 -2.53687 70.4801 16210.5
87900 -7.00277 126301 16184.1
88000 -3.679 478.732 16188.4
88100 -3.05991 169.471 16250.7
88200 -5.60709 12152.7 16271
88300 -1.10207 6.35096 16287.3
88400 -7.89437 563537 16335.3
88500 -8.14691 860786 16323.8
88600 -5.53828 10828 16210
88700 -4.91989 3837.6 16070.5
88800 0.0870633 0.864123 15986.1
88900 -1.18693 7.32255 16035.5
89000 -5.02376 4568.02 16164.8
89100 -1.25346 8.18705 16238.7
89200 -3.42308 311.647 16311.2
89300 -5.36004 8029.82 16337.5
89400 -5.32872 7618.76 16333.2
89500 -5.09766 5170.87 16324.7
89600 -10.0087 1.95529e+07 16237.2
89700 -1.16012 7.00044 16129.3
89800 -5.42257 8917.74 16129.2
89900 -1.49642 12.3061 16147.7
90000 -2.00329 28.7983 16136.4
90100 -6.85928 99283.1 16171
90200 -10.7596 6.88936e+07 16174
90300 -9.83852 1.46962e+07 16199
90400 -1.4818 12.008 16215.2
90500 -5.00625 4435.82 16143
90600 -0.95316 4.94723 16064.6
90700 -0.0790737 1.14184 16016.1
90800 -6.97423 120397 15966.9
90900 -1.08531 6.1749 15985.2
91000 -3.29832 252.8 16086.1
91100 -3.2552 235.157 16136.3
91200 -5.95971 21956.2 16170.9
91300 -0.519213 2.38912 16152.9
91400 -5.5731 11479.3 16137.2
91500 -1.33952 9.45848 16125.5
91600 -2.37847 54.0352 16052
91700 -2.12688 35.432 16013.4
91800 -3.05113 166.995 16097.6
91900 -18.5255 3.12994e+13 16279.1
92000 -1.71278 17.6901 16361.2
92100 -6.16453 30957.1 16314.7
92200 -3.1197 187.349 16306.1
92300 -2.3079 48.0027 16329.9
92400 -1.27738 8.52218 16338.9
92500 -2.31884 48.8919 16288.8
92600 -4.61446 2299.11 16178.2
92700 -2.15904 37.396 16159
92800 -5.31649 7464.09 16203.8
92900 -4.65359 2455.07 16271.4
93000 -2.47722 63.77 16339
93100 -2.47807 63.8605 16432.9
93200 -1.68726 16.9489 16463.5
93300 -2.79155 108.043 16476.9
93400 -0.971419 5.10109 16416.1
93500 -3.7177 510.842 16240.7
93600 -4.38516 1565.01 16177
93700 -3.40655 303.123 16175
93800 -2.60261 78.6975 16164.5
93900 -0.901164 4.53402 16138.7
94000 -2.73517 98.2945 16119.5
94100 -1.52345 12.8769 16227.5
94200 -4.37089 1527.99 16364.8
94300 -8.70037 2.17812e+06 16395.4
94400 -1.01214 5.46173 16444.5
94500 -0.308525 1.67786 16528.6
94600 -4.15895 1070.84 16485.7
94700 -4.71809 2735.61 16357.7
94800 -3.63083 441.571 16261.3
94900 -0.41911 2.01983 16272.9
95000 -3.9286 727.649 16304.2
95100 -2.52014 68.5301 16251.8
95200 -7.08168 144174 16192
95300 -4.7745 3007.07 16168.4
95400 -1.61214 14.9422 16186.8
95500 -4.31846 1399.35 16231.5
95600 -2.32055 49.0324 16269.3
95700 -1.26618 8.36359 16328.2
95800 -2.96096 143.553 16308.9
95900 -0.145184 1.27575 16262.5
96000 -4.76863 2977.65 16214.4
96100 -5.79791 16737.3 16173.1
96200 -2.14603 36.5886 16239
96300 -7.52963 305642 16265.6
96400 0.421828 0.492839 16151.7
96500 -2.7184 95.5679 16059.4
96600 -2.91608 133.143 16144.4
96700 -1.71765 17.8353 16237.3
96800 -3.27132 241.603 16227.6
96900 -2.89499 128.516 16181.4
97000 -5.03798 4678.27 16171.4
97100 -2.47372 63.3961 16128.2
97200 -0.161409 1.31094 16086.8
97300 -4.85095 3418.53 16086.5
97400 -6.87319 101627 16158
97500 -2.5159 68.044 16231.6
97600 -10.9823 1.00098e+08 16240.4
97700 -3.2576 236.108 16229.9
97800 -6.54034 58148 16164.7
97900 -0.793199 3.78297 16048.1
98000 -2.63967 83.7454 15974.1
98100 -3.40283 301.238 15954
98200 -9.7844 1.34208e+07 16015.3
98300 -4.2217 1189.72 16089.4
98400 -1.71455 17.7429 16146.3
98500 -0.552411 2.52594 16105.1
98600 -2.32807 49.6545 16051.6
98700 -4.27949 1310.82 16036
98800 -3.47682 341.039 16096.3
98900 -1.69533 17.1798 16223.5
99000 -7.88686 556482 16251.6
99100 -5.1092 5271.91 16223
99200 -3.34684 274.235 16181.1
99300 -3.23592 227.676 16161.3
99400 -5.38531 8377.44 16155.5
99500 -3.22622 224 16220.2
99600 -2.73195 97.7642 16250.8
99700 -2.42991 58.9052 16296
99800 -3.25775 236.169 16291.3
99900 -1.1799 7.23669 16256.8
100000 -4.96051 4108.19 16303
100100 -1.23229 7.90145 16345.6
100200 -7.71022 413783 16325.4
100300 0.138163 0.793141 16287.9
100400 -6.95663 116894 16245.1
100500 -3.13825 193.271 16202.9
100600 -8.11348 813842 16240.3
100700 -5.06148 4866.36 16286.7
100800 -2.52895 69.5499 16302.2
100900 -2.28046 45.8439 16278.9
101000 0.132335 0.800933 16275.6
101100 -0.960138 5.00548 16253.4
101200 -3.38002 289.929 16229.6
101300 -5.86866 18846.3 16276.3
101400 -8.0226 698772 16290.1
101500 -3.39204 295.832 16254
101600 -1.6794 16.7271 16275.4
101700 -2.79658 108.959 16342.7
101800 -2.86206 121.609 16317.4
101900 -1.42966 11.0024 16290.2
102000 -6.46662 51384.5 16254.3
102100 -3.72581 517.841 16278.2
102200 -1.53182 13.0588 16324.2
102300 -8.00759 681393 16339.8
102400 -4.56962 2132.55 16344.8
102500 -2.71995 95.8171 16363.2
102600 -0.898858 4.51651 16388.5
102700 -3.77147 559.058 16393.6
102800 -6.72308 79005.2 16368.2
102900 -2.56268 73.5991 16385.3
103000 -2.68054 89.6867 16487.1
103100 -5.82913 17637 16531.8
103200 -4.42051 1660.62 16489.2
103300 -3.44714 324.479 16432.3
103400 -4.89237 3664.51 16392.6
103500 -1.65992 16.1893 16388.3
103600 -3.0086 155.496 16421.6
103700 -1.83936 21.8747 16389.7
103800 -8.12435 828822 16292.8
103900 -5.07013 4937.54 16154.2
104000 -1.75133 18.872 16062.4
104100 -1.36024 9.79289 16097.3
104200 -1.53793 13.1935 16131.3
104300 -1.05431 5.86204 16173.6
104400 -4.12614 1013.51 16199.1
104500 -2.03213 30.2256 16207.2
104600 -4.95841 4093.74 16260.1
104700 -7.48359 282929 16331.7
104800 -4.57745 2160.73 16348.5
104900 -1.67237 16.5307 16394.3
105000 -4.59209 2214.45 16419.2
105100 -2.97371 146.655 16416.7
105200 -4.72732 2778.3 16353.4
105300 -6.17286 31392.6 16276.8
