Run semi-empirical minimization
 &qmmm
    qm_theory='AM1', grms_tol=0.0005,
 scfconv=1.d-10, ndiis_attempts=700,   qmcharge=1,
 /
   6    C1        3.9260        1.0990        0.8110 
   6    C2        3.1940       -0.0070        0.0240 
   6    C3        1.6880        0.2260        0.0460 
   6    C4        1.0120        0.5240       -1.1440 
   6    C5       -0.3670        0.7480       -1.1460 
   6    C6       -1.1060        0.6730        0.0430 
   6    C7       -2.5960        0.9020        0.0400 
   7    N1       -3.4870       -0.3410       -0.1680 
   6    C8       -3.2070       -0.9960       -1.5120 
   6    C9       -3.2680       -1.3620        0.9390 
   6   C10       -4.9430        0.1110       -0.1360 
   6   C11       -0.4270        0.3910        1.2370 
   6   C12        0.9520        0.1670        1.2370 
   6   C13        5.4390        1.0540        0.6500 
   1    H1        3.6830        1.0380        1.8790 
   1    H2        3.5750        2.0810        0.4680 
   6   C14        3.5350       -1.4140        0.5270 
   1    H3        3.5310        0.0480       -1.0200 
   1    H4        1.5620        0.5930       -2.0820 
   1    H5       -0.8480        0.9930       -2.0920 
   1    H6       -2.9040        1.3560        0.9920 
   1    H7       -2.8600        1.6160       -0.7510 
   1    H8       -3.3100       -0.2390       -2.2960 
   1    H9       -2.1970       -1.4150       -1.5050 
   1   H10       -3.9350       -1.7990       -1.6630 
   1   H11       -2.2560       -1.7680        0.8580 
   1   H12       -3.4140       -0.8670        1.9030 
   1   H13       -3.9970       -2.1690        0.8130 
   1   H14       -5.5840       -0.7630       -0.2830 
   1   H15       -5.0990        0.8350       -0.9420 
   1   H16       -5.1430        0.5700        0.8370 
   1   H17       -0.9550        0.3520        2.1880 
   1   H18        1.4540       -0.0450        2.1800 
   1   H19        5.8950        1.9140        1.1510 
   1   H20        5.8640        0.1490        1.0940 
   1   H21        5.7230        1.0890       -0.4070 
   1   H22        2.9450       -2.1720       -0.0020 
   1   H23        3.3350       -1.5240        1.5980 
   1   H24        4.5910       -1.6480        0.3580 

