Run semi-empirical minimization
 &qmmm
    qm_theory='AM1', grms_tol=0.0005,
 scfconv=1.d-10, ndiis_attempts=700,   qmcharge=1,
 /
   6    C1        3.9310        1.0920        0.7930 
   6    C2        3.1940       -0.0170        0.0150 
   6    C3        1.6880        0.2200        0.0400 
   6    C4        1.0100        0.5120       -1.1500 
   6    C5       -0.3690        0.7410       -1.1500 
   6    C6       -1.1040        0.6760        0.0420 
   6    C7       -2.5940        0.9090        0.0420 
   7    N1       -3.4890       -0.3330       -0.1550 
   6    C8       -3.2140       -0.9970       -1.4970 
   6    C9       -3.2690       -1.3470        0.9570 
   6   C10       -4.9440        0.1240       -0.1230 
   6   C11       -0.4220        0.4000        1.2360 
   6   C12        0.9560        0.1720        1.2330 
   6   C13        5.4440        1.0420        0.6270 
   1    H1        3.6910        1.0390        1.8620 
   1    H2        3.5820        2.0730        0.4440 
   6   C14        3.5320       -1.4220        0.5260 
   1    H3        3.5280        0.0310       -1.0310 
   1    H4        1.5570        0.5740       -2.0900 
   1    H5       -0.8510        0.9810       -2.0950 
   1    H6       -2.8970        1.3700        0.9910 
   1    H7       -2.8580        1.6190       -0.7530 
   1    H8       -3.3180       -0.2450       -2.2840 
   1    H9       -2.2060       -1.4190       -1.4890 
   1   H10       -3.9460       -1.7990       -1.6400 
   1   H11       -2.2590       -1.7570        0.8760 
   1   H12       -3.4120       -0.8450        1.9190 
   1   H13       -4.0010       -2.1530        0.8390 
   1   H14       -5.5870       -0.7500       -0.2620 
   1   H15       -5.1000        0.8430       -0.9320 
   1   H16       -5.1390        0.5890        0.8480 
   1   H17       -0.9480        0.3680        2.1890 
   1   H18        1.4600       -0.0350        2.1760 
   1   H19        5.9030        1.9030        1.1220 
   1   H20        5.8670        0.1390        1.0760 
   1   H21        5.7250        1.0690       -0.4300 
   1   H22        2.9390       -2.1810        0.0040 
   1   H23        3.3350       -1.5240        1.5980 
   1   H24        4.5870       -1.6590        0.3560 

