Run semi-empirical minimization
 &qmmm
    qm_theory='AM1', grms_tol=0.0005,
 scfconv=1.d-10, ndiis_attempts=700,   qmcharge=1,
 /
   6    C1       -7.6140        1.3780       -0.3820 
   6    C2       -6.4560        1.8490        0.2500 
   6    C3       -5.3800        0.9900        0.4900 
   6    C4       -5.4470       -0.3450        0.0770 
   6    C5       -4.3340       -1.2940        0.3210 
   6    C6       -2.9120       -0.8740        0.2250 
   6    C7       -2.4830        0.0830       -0.7030 
   6    C8       -1.1280        0.4180       -0.7820 
   6    C9       -0.1990       -0.2190        0.0430 
   8    O1        1.1150        0.1780       -0.0810 
   6   C10        2.0760       -0.8090       -0.0420 
   6   C11        3.1590       -0.6520        0.8330 
   6   C12        3.2760        0.5360        1.7450 
   7    N1        4.2350        1.4790        1.1650 
   6   C13        4.0120        2.1840        0.0460 
   7    N2        5.1000        2.9350       -0.1840 
   6   C14        5.2630        3.8340       -1.3180 
   6   C15        6.0420        2.6940        0.8020 
   6   C16        5.4940        1.7790        1.6570 
   6   C17        4.1680       -1.6300        0.8280 
   6   C18        4.1070       -2.7360       -0.0260 
   8    O2        5.1620       -3.5960        0.0880 
   6   C19        3.0300       -2.8670       -0.9000 
   6   C20        2.0200       -1.9010       -0.9150 
   6   C21       -0.6240       -1.1690        0.9760 
   6   C22       -1.9770       -1.5050        1.0560 
   8    O3       -4.5870       -2.4620        0.6050 
   6   C23       -6.6040       -0.8220       -0.5470 
   6   C24       -7.6770        0.0390       -0.7860 
   6   C25       -8.7580        2.3080       -0.6630 
   1    H1       -6.3930        2.8870        0.5710 
   1    H2       -4.5090        1.3730        1.0150 
   1    H3       -3.1860        0.5560       -1.3840 
   1    H4       -0.8020        1.1600       -1.5060 
   1    H5        2.3240        1.0560        1.8900 
   1    H6        3.6220        0.2220        2.7370 
   1    H7        3.1170        2.1530       -0.5650 
   1    H8        5.7270        4.7650       -0.9810 
   1    H9        4.2860        4.0570       -1.7560 
   1   H10        5.8980        3.3490       -2.0640 
   1   H11        6.9870        3.2090        0.7660 
   1   H12        5.8430        1.2950        2.5530 
   1   H13        5.0230       -1.5420        1.4970 
   6   C26        5.1080       -4.7910       -0.6850 
   1   H14        2.9480       -3.7040       -1.5870 
   1   H15        1.1940       -2.0100       -1.6150 
   1   H16        0.0790       -1.6650        1.6390 
   1   H17       -2.3050       -2.2640        1.7650 
   1   H18       -6.6740       -1.8660       -0.8480 
   1   H19       -8.5670       -0.3460       -1.2800 
   1   H20       -8.8190        3.0940        0.0980 
   1   H21       -9.7120        1.7700       -0.6500 
   1   H22       -8.6280        2.7750       -1.6440 
   1   H23        5.9940       -5.3850       -0.4450 
   1   H24        5.1370       -4.5660       -1.7560 
   1   H25        4.2260       -5.3870       -0.4300 

